
LEGACY_CLEAN|old walker   n=311562
dec       n  stop_lo   stop_hi  s/d med    grossR    tollR      netR   grossbps  tollbps
  0   31156    0.259     2.856   0.2997   0.01506  0.74224  -0.72718     0.0113   1.3437
  1   31156    2.856     4.221   0.1905   0.00053  0.37540  -0.37487     0.0009   1.3128
  2   31156    4.221     5.626   0.1417   0.00430  0.28057  -0.27627     0.0249   1.3745
  3   31156    5.626     7.215   0.1120   0.00756  0.25510  -0.24754     0.0519   1.6286
  4   31156    7.216     9.229   0.0885  -0.01526  0.23608  -0.25133    -0.1270   1.9315
  5   31156    9.229    11.867   0.0710   0.00100  0.23474  -0.23374     0.0104   2.4573
  6   31156   11.867    15.884   0.0570  -0.01639  0.23685  -0.25324    -0.2149   3.2432
  7   31156   15.885    23.168   0.0478  -0.00434  0.22505  -0.22940    -0.0901   4.2875
  8   31156   23.169    41.292   0.0365  -0.02034  0.17348  -0.19382    -0.5824   5.1999
  9   31158   41.292  1624.225   0.0357  -0.03320  0.09910  -0.13230    -5.5153   7.4397
   gross range across deciles: -0.03320 .. 0.01506  (spread 0.04826)
   spearman(rank stop width, gross) = -0.8431
   toll fall d0/d9 = 7.49x

REPAIRED_FILLED|old walker   n=317127
dec       n  stop_lo   stop_hi  s/d med    grossR    tollR      netR   grossbps  tollbps
  0   31712    0.259     2.884   0.2957   0.01256  0.73360  -0.72104     0.0043   1.3411
  1   31712    2.884     4.265   0.1869  -0.00043  0.37043  -0.37087    -0.0008   1.3088
  2   31712    4.265     5.674   0.1389   0.00759  0.27677  -0.26918     0.0407   1.3686
  3   31712    5.674     7.256   0.1103   0.01048  0.25225  -0.24177     0.0700   1.6213
  4   31712    7.256     9.270   0.0875  -0.01559  0.23382  -0.24941    -0.1302   1.9218
  5   31712    9.270    11.930   0.0695  -0.00003  0.23236  -0.23239    -0.0034   2.4459
  6   31712   11.930    15.984   0.0564  -0.01393  0.23477  -0.24870    -0.1825   3.2343
  7   31712   15.984    23.317   0.0475  -0.00327  0.22402  -0.22728    -0.0666   4.2946
  8   31712   23.317    41.224   0.0368  -0.02409  0.17501  -0.19910    -0.6878   5.2625
  9   31719   41.226  1624.225   0.0368  -0.03332  0.10104  -0.13437    -5.1970   7.4900
   gross range across deciles: -0.03332 .. 0.01256  (spread 0.04588)
   spearman(rank stop width, gross) = -0.8287
   toll fall d0/d9 = 7.26x

REPAIRED_FILLED|corrected   n=312223
dec       n  stop_lo   stop_hi  s/d med    grossR    tollR      netR   grossbps  tollbps
  0   31222    0.259     2.886   0.2942  -0.29168  0.25120  -0.54288    -0.5896   0.4292
  1   31222    2.887     4.282   0.1849  -0.20656  0.09475  -0.30132    -0.7339   0.3341
  2   31222    4.282     5.703   0.1374  -0.16635  0.07376  -0.24010    -0.8194   0.3683
  3   31222    5.703     7.305   0.1088  -0.13073  0.09039  -0.22112    -0.8429   0.5862
  4   31222    7.305     9.333   0.0865  -0.14137  0.09739  -0.23876    -1.1746   0.8087
  5   31222    9.334    12.009   0.0687  -0.11129  0.11623  -0.22752    -1.1816   1.2351
  6   31222   12.010    16.099   0.0558  -0.10911  0.12811  -0.23721    -1.5025   1.7781
  7   31222   16.099    23.445   0.0470  -0.09661  0.12453  -0.22114    -1.8800   2.3974
  8   31222   23.445    41.493   0.0362  -0.10377  0.09232  -0.19609    -3.1139   2.7853
  9   31225   41.494  1624.225   0.0367  -0.08916  0.04218  -0.13134    -9.6945   2.8586
   gross range across deciles: -0.29168 .. -0.08916  (spread 0.20252)
   spearman(rank stop width, gross) = 0.8716
   toll fall d0/d9 = 5.96x
